   1.7364818e-01  -9.8480775e-01
   5.0000000e-01  -8.6602540e-01
   7.6604444e-01  -6.4278761e-01
   9.3969262e-01  -3.4202014e-01
   1.0000000e+00   0.0000000e+00
   9.3969262e-01   3.4202014e-01
   7.6604444e-01   6.4278761e-01
   5.0000000e-01   8.6602540e-01
   1.7364818e-01   9.8480775e-01
  -1.7364818e-01   9.8480775e-01
  -5.0000000e-01   8.6602540e-01
  -7.6604444e-01   6.4278761e-01
  -9.3969262e-01   3.4202014e-01
  -1.0000000e+00   1.2246468e-16
  -9.3969262e-01  -3.4202014e-01
  -7.6604444e-01  -6.4278761e-01
  -5.0000000e-01  -8.6602540e-01
  -1.7364818e-01  -9.8480775e-01
