   1.7364818e-01  -9.3969262e-01   7.6604444e-01
   5.0000000e-01  -1.0000000e+00   5.0000000e-01
   7.6604444e-01  -9.3969262e-01   1.7364818e-01
   9.3969262e-01  -7.6604444e-01  -1.7364818e-01
   1.0000000e+00  -5.0000000e-01  -5.0000000e-01
   9.3969262e-01  -1.7364818e-01  -7.6604444e-01
   7.6604444e-01   1.7364818e-01  -9.3969262e-01
   5.0000000e-01   5.0000000e-01  -1.0000000e+00
   1.7364818e-01   7.6604444e-01  -9.3969262e-01
  -1.7364818e-01   9.3969262e-01  -7.6604444e-01
  -5.0000000e-01   1.0000000e+00  -5.0000000e-01
  -7.6604444e-01   9.3969262e-01  -1.7364818e-01
  -9.3969262e-01   7.6604444e-01   1.7364818e-01
  -1.0000000e+00   5.0000000e-01   5.0000000e-01
  -9.3969262e-01   1.7364818e-01   7.6604444e-01
  -7.6604444e-01  -1.7364818e-01   9.3969262e-01
  -5.0000000e-01  -5.0000000e-01   1.0000000e+00
  -1.7364818e-01  -7.6604444e-01   9.3969262e-01
